1 1.93660697921144
1.0471285480509 1.74438383759607
1.09647819614319 1.75614552519564
1.14815362149688 1.66460674216223
1.20226443461741 1.50722105066443
1.25892541179417 1.36467110399636
1.31825673855641 1.27931179129841
1.38038426460288 1.15301334657458
1.44543977074593 1.03919085004495
1.51356124843621 0.935969382969871
1.58489319246111 1.13845596623943
1.65958690743756 1.15847056237594
1.73780082874938 1.04233617855773
1.81970085860998 0.988488963018536
1.90546071796325 0.886465433205676
1.99526231496888 0.794479546787998
2.08929613085404 0.710152272371548
2.18776162394955 0.634545656882919
2.29086765276777 0.566809433351766
2.39883291901949 0.50611504823732
2.51188643150958 0.451731320360348
2.63026799189538 0.403010286209243
2.75422870333817 0.359375587454893
2.88403150312661 0.320312864957735
3.01995172040202 0.285360673636223
3.16227766016838 0.254053710639789
3.31131121482591 0.226025545009211
3.46736850452532 0.200975145447036
3.63078054770101 0.178620895028831
3.80189396320561 0.158700919746477
3.98107170553497 0.140973030222485
4.16869383470335 0.125182175025425
4.36515832240166 0.111101583857974
4.57088189614875 0.0985740217363264
4.78630092322638 0.0874468811648664
5.01187233627272 0.0775731730967896
5.24807460249773 0.139475274421725
5.49540873857624 0.124574082715456
5.75439937337157 0.14228335746471
6.02559586074358 0.142916325903631
6.30957344480193 0.127081822482146
6.60693448007596 0.113027783376337
6.91830970918936 0.100531030101727
7.2443596007499 0.0893966281325758
7.58577575029184 0.079454960180371
7.94328234724282 0.0705589867503418
8.31763771102671 0.062588638735728
8.7096358995608 0.0554665152515197
9.1201083935591 0.0491230532857517
9.54992586021436 0.0434892778769409
10 0.0384982903497173
10.471285480509 0.0340768737916546
10.9647819614319 0.0301566759942204
11.4815362149688 0.026682209296051
12.0226443461741 0.0236039052094683
12.5892541179417 0.0208775176360435
13.1825673855641 0.018463581168275
13.8038426460288 0.0285730313036511
14.4543977074593 0.0253417911296119
15.1356124843621 0.0224679967981589
15.8489319246111 0.0198947318632449
16.5958690743756 0.0176165195718555
17.3780082874938 0.0155977627756116
18.1970085860998 0.013807489255525
19.0546071796325 0.0122187141343691
19.9526231496888 0.0108078978936908
20.8929613085404 0.00955524266494288
21.8776162394955 0.00844448500757919
22.9086765276777 0.00746053828882694
23.9883291901949 0.00658964147583644
25.1188643150958 0.00581931249814623
26.3026799189538 0.00513828317633922
27.5422870333817 0.00453642334260063
28.8403150312661 0.00400465896988704
30.1995172040202 0.00353516846763605
31.6227766016838 0.00312139782230829
33.1131121482591 0.0027552661208661
34.6736850452532 0.00243166680174194
36.3078054770101 0.00214595740547813
38.0189396320561 0.00595736493398461
39.8107170553497 0.00527770051914533
41.6869383470335 0.00467861317596038
43.6515832240166 0.00414844934329441
45.7088189614875 0.00367909113515759
47.8630092322638 0.00326256346495182
50.1187233627272 0.00289118065464697
52.4807460249773 0.00255931181343042
54.9540873857625 0.00226409331726453
57.5439937337157 0.0020025455453249
60.2559586074358 0.00177165725001191
63.0957344480193 0.00156759349037192
66.0693448007596 0.00138695333062907
69.1830970918937 0.00122720765891359
72.443596007499 0.00108606376521577
75.8577575029184 0.000961450867032098
79.4328234724281 0.000851504927583708
83.1763771102671 0.000754273348009175
87.0963589956081 0.000668097795236851
91.201083935591 0.000592075497784676
95.4992586021436 0.000525294548976516
100 0.000466854668644456
104.71285480509 0.000415371456745494
109.647819614319 0.000369667838049983
114.815362149688 0.000329195704271007
120.226443461741 0.000293435158442216
125.892541179417 0.000261899275912391
131.825673855641 0.000234136937424363
138.038426460289 0.000209734115994382
144.543977074593 0.000188313960687249
151.356124843621 0.00016952869869775
158.489319246111 0.000152862581720392
165.958690743756 0.00013805070460276
173.780082874938 0.0001249591532103
181.970085860998 0.000113448228056101
190.546071796325 0.000103378618070593
199.526231496888 9.46160215362763e-05
208.929613085404 8.68989328797232e-05
218.776162394955 7.99701601129635e-05
229.086765276777 7.37576582517071e-05
239.883291901949 6.81947070589948e-05
251.188643150958 6.32196423932545e-05
263.026799189538 5.87758776731659e-05
275.422870333817 5.48118269461765e-05
288.403150312661 5.12807553219663e-05
301.995172040202 4.8140325881765e-05
316.227766016838 4.53354033169651e-05
331.131121482591 4.28154411073956e-05
346.736850452532 4.05433506955329e-05
363.078054770101 3.84870397971921e-05
380.189396320561 3.66186427787254e-05
398.107170553497 3.49138875595789e-05
416.869383470335 3.33599270987538e-05
436.515832240166 3.19465359370922e-05
457.088189614875 3.06518098045116e-05
478.630092322639 2.94567127676662e-05
501.187233627272 2.83447359596002e-05
524.807460249773 2.73115898904213e-05
549.540873857625 2.63539058318584e-05
575.439937337157 2.54617672696018e-05
602.559586074358 2.46263645174548e-05
630.957344480193 2.38404426570696e-05
660.693448007596 2.30984444587953e-05
691.830970918936 2.23953888253254e-05
724.43596007499 2.17267886038054e-05
758.577575029184 2.10885946869697e-05
794.328234724281 2.04771485131925e-05
831.763771102671 1.98917883182403e-05
870.963589956081 1.93338953650684e-05
912.01083935591 1.88003667528323e-05
954.992586021436 1.82883106031186e-05
1000 1.77951042686094e-05
