1 0.267289918900289
1.0471285480509 0.235010289375558
1.09647819614319 0.206520247311731
1.14815362149688 0.181391840602909
1.20226443461741 0.159242910829684
1.25892541179417 0.139732560743437
1.31825673855641 0.122557018176919
1.38038426460288 0.107445869053104
1.44543977074593 0.0941586329876372
1.51356124843621 0.0824811847008604
1.58489319246111 0.0722105298470587
1.65958690743756 0.0631797763031747
1.73780082874938 0.05524747778725
1.81970085860998 0.0482868167875619
1.90546071796325 0.0421843543558836
1.99526231496888 0.036838841287272
2.08929613085404 0.0321580134122978
2.18776162394955 0.0280598590813951
2.29086765276777 0.0244742616722734
2.39883291901949 0.0213391189074327
2.51188643150958 0.0185994934279423
2.63026799189538 0.0162068470675409
2.75422870333817 0.0141183470281321
2.88403150312661 0.0122962388276204
3.01995172040202 0.010707242743526
3.16227766016838 0.00932022970704195
3.31131121482591 0.00810957337884523
3.46736850452532 0.0070538806442226
3.63078054770101 0.00613413467582407
3.80189396320561 0.00533347341044378
3.98107170553497 0.00463698058849653
4.16869383470335 0.00403091897267795
4.36515832240166 0.00350320564650374
4.57088189614875 0.00304411375056433
4.78630092322638 0.00264503682851445
5.01187233627272 0.00229837049966527
5.24807460249773 0.00199694783333956
5.49540873857624 0.00173490904770536
5.75439937337157 0.00150750234122102
6.02559586074358 0.00131044010127281
6.30957344480193 0.00113929075752387
6.60693448007596 0.000990509914994759
6.91830970918936 0.000861390720173299
7.2443596007499 0.000749495892590086
7.58577575029184 0.00065264491203285
7.94328234724282 0.000568898126943212
8.31763771102671 0.000496200426236323
8.7096358995608 0.000432853953670945
9.1201083935591 0.000378052773675237
9.54992586021436 0.000330952053081981
10 0.000290704477680069
10.471285480509 0.000255885204098793
10.9647819614319 0.00022535177056019
11.4815362149688 0.000198697544363568
12.0226443461741 0.000175522042149777
12.5892541179417 0.000155441937065805
13.1825673855641 0.000138098466549504
13.8038426460288 0.000123161936964549
14.4543977074593 0.000110333975161417
15.1356124843621 9.93392072010316e-05
15.8489319246111 8.96851006700744e-05
16.5958690743756 8.11734166642462e-05
17.3780082874938 7.37551432196557e-05
18.1970085860998 6.73649435313948e-05
19.0546071796325 6.19302603319418e-05
19.9526231496888 5.73784837003953e-05
20.8929613085404 5.34748198435166e-05
21.8776162394955 4.99719599505686e-05
22.9086765276777 4.68393856080138e-05
23.9883291901949 4.40488676273569e-05
25.1188643150958 4.15742398886932e-05
26.3026799189538 3.93916004925685e-05
27.5422870333817 3.74794536321255e-05
28.8403150312661 3.58188110787276e-05
30.1995172040202 3.43926444596913e-05
31.6227766016838 3.3147256976343e-05
33.1131121482591 3.20405171853341e-05
34.6736850452532 3.10540652025305e-05
36.3078054770101 3.01719641505161e-05
38.0189396320561 2.9380281141681e-05
39.8107170553497 2.86667438443726e-05
41.6869383470335 2.80251296965428e-05
43.6515832240166 2.74496205265329e-05
45.7088189614875 2.69269315640194e-05
47.8630092322638 2.64449213718007e-05
50.1187233627272 2.59924709782059e-05
52.4807460249773 2.55699527184207e-05
54.9540873857625 2.5178218665467e-05
57.5439937337157 2.4810633257253e-05
60.2559586074358 2.44610265547476e-05
63.0957344480193 2.41281053925885e-05
66.0693448007596 2.381098981573e-05
69.1830970918937 2.35063703275992e-05
72.443596007499 2.32111161848786e-05
75.8577575029184 2.29222589488634e-05
79.4328234724281 2.2636980652235e-05
83.1763771102671 2.23564333246824e-05
87.0963589956081 2.208418316927e-05
91.201083935591 2.18168486836206e-05
95.4992586021436 2.15510884255868e-05
100 2.12837263693652e-05
104.71285480509 2.1015872007199e-05
109.647819614319 2.07503215441965e-05
114.815362149688 2.04865718429528e-05
120.226443461741 2.02241459128941e-05
125.892541179417 1.99625923167995e-05
131.825673855641 1.97014847228881e-05
138.038426460289 1.944042158945e-05
144.543977074593 1.91790259692751e-05
151.356124843621 1.89169397375946e-05
158.489319246111 1.86537917297084e-05
165.958690743756 1.8389738795644e-05
173.780082874938 1.81250941757837e-05
181.970085860998 1.78601599623913e-05
190.546071796325 1.75952268673816e-05
199.526231496888 1.73305740614277e-05
208.929613085404 1.70663726441706e-05
218.776162394955 1.68027331236867e-05
229.086765276777 1.6539858015775e-05
239.883291901949 1.62779416529698e-05
251.188643150958 1.60171699132946e-05
263.026799189538 1.57577202378892e-05
275.422870333817 1.54997616717634e-05
288.403150312661 1.5243454926151e-05
301.995172040202 1.49889304572769e-05
316.227766016838 1.47351017258361e-05
331.131121482591 1.44816920284749e-05
346.736850452532 1.42292256069613e-05
363.078054770101 1.39781959984759e-05
380.189396320561 1.37290663218898e-05
398.107170553497 1.34822697241992e-05
416.869383470335 1.32375047740127e-05
436.515832240166 1.29940552304722e-05
457.088189614875 1.27521790637527e-05
478.630092322639 1.25121274954849e-05
501.187233627272 1.22741346110634e-05
524.807460249773 1.20378359607379e-05
549.540873857625 1.18030451453995e-05
575.439937337157 1.15700731075226e-05
602.559586074358 1.13392122890216e-05
630.957344480193 1.11109551545523e-05
660.693448007596 1.08854731851697e-05
691.830970918936 1.0662691211663e-05
724.43596007499 1.04425400131397e-05
758.577575029184 1.02249561061396e-05
794.328234724281 1.00098815402698e-05
831.763771102671 9.79706794371929e-06
870.963589956081 9.58630235212001e-06
912.01083935591 9.37783430603425e-06
954.992586021436 9.17190119183483e-06
1000 8.96872090975875e-06
